0 0 1
1 0 1
2 0 1
3 0 1
4 0 1
5 0 1
6 0 1
7 0 1
8 0 1
9 0 1
10 0 1
11 0 1
12 0 1
13 0 1
14 0 1
15 0 1
16 0 1
17 0 1
18 0 1
19 0 1
20 0 1
21 0 1
22 0 1
23 0 1
24 0 1
25 0 1
26 0 1
27 0 1
28 0 1
29 0 1
30 0 1
31 0 1
32 0 1
33 0 1
34 0 1
35 0 1
36 0 1
37 0 1
38 0 1
39 0 1
40 0 1
41 0 1
42 0 1
43 0 1
44 0 1
45 0 1
46 0 1
47 0 1
48 0 1
49 0 1
50 0 1
51 0 1
52 0 1
53 0 1
54 0 1
55 0 1
56 0 1
57 0 1
58 0 1
59 0 1
60 0 1
61 0 1
62 0 1
63 0 1
64 0 1
65 0 1
66 0 1
67 0 1
68 0 1
69 0 1
70 0 1
71 0 1
72 0 1
73 0 1
74 0 1
75 0 1
76 0 1
77 0 1
78 0 1
79 0 1
80 0 1
81 0 1
82 0 1
83 0 1
84 0 1
85 0 1
86 0 1
87 0 1
88 0 1
89 0 1
90 0 1
91 0 1
92 0 1
93 0 1
94 0 1
95 0 1
96 0 1
97 0 1
98 0 1
99 0 1
100 0 1
101 0 1
102 0 1
103 0 1
104 0 1
105 0 1
106 0 1
107 0 1
108 0 1
109 0 1
110 0 1
111 0 1
112 0 1
113 0 1
114 0 1
115 0 1
116 0 1
117 0 1
118 0 1
119 0 1
120 0 1
121 0 1
122 0 1
123 0 1
124 0 1
125 0 1
126 0 1
127 0 1
0 127 1
1 127 1
2 127 1
3 127 1
4 127 1
5 127 1
6 127 1
7 127 1
8 127 1
9 127 1
10 127 1
11 127 1
12 127 1
13 127 1
14 127 1
15 127 1
16 127 1
17 127 1
18 127 1
19 127 1
20 127 1
21 127 1
22 127 1
23 127 1
24 127 1
25 127 1
26 127 1
27 127 1
28 127 1
29 127 1
30 127 1
31 127 1
32 127 1
33 127 1
34 127 1
35 127 1
36 127 1
37 127 1
38 127 1
39 127 1
40 127 1
41 127 1
42 127 1
43 127 1
44 127 1
45 127 1
46 127 1
47 127 1
48 127 1
49 127 1
50 127 1
51 127 1
52 127 1
53 127 1
54 127 1
55 127 1
56 127 1
57 127 1
58 127 1
59 127 1
60 127 1
61 127 1
62 127 1
63 127 1
64 127 1
65 127 1
66 127 1
67 127 1
68 127 1
69 127 1
70 127 1
71 127 1
72 127 1
73 127 1
74 127 1
75 127 1
76 127 1
77 127 1
78 127 1
79 127 1
80 127 1
81 127 1
82 127 1
83 127 1
84 127 1
85 127 1
86 127 1
87 127 1
88 127 1
89 127 1
90 127 1
91 127 1
92 127 1
93 127 1
94 127 1
95 127 1
96 127 1
97 127 1
98 127 1
99 127 1
100 127 1
101 127 1
102 127 1
103 127 1
104 127 1
105 127 1
106 127 1
107 127 1
108 127 1
109 127 1
110 127 1
111 127 1
112 127 1
113 127 1
114 127 1
115 127 1
116 127 1
117 127 1
118 127 1
119 127 1
120 127 1
121 127 1
122 127 1
123 127 1
124 127 1
125 127 1
126 127 1
127 127 1
0 0 1
0 1 1
0 2 1
0 3 1
0 4 1
0 5 1
0 6 1
0 7 1
0 8 1
0 9 1
0 10 1
0 11 1
0 12 1
0 13 1
0 14 1
0 15 1
0 16 1
0 17 1
0 18 1
0 19 1
0 20 1
0 21 1
0 22 1
0 23 1
0 24 1
0 25 1
0 26 1
0 27 1
0 28 1
0 29 1
0 30 1
0 31 1
0 32 1
0 33 1
0 34 1
0 35 1
0 36 1
0 37 1
0 38 1
0 39 1
0 40 1
0 41 1
0 42 1
0 43 1
0 44 1
0 45 1
0 46 1
0 47 1
0 48 1
0 49 1
0 50 1
0 51 1
0 52 1
0 53 1
0 54 1
0 55 1
0 56 1
0 57 1
0 58 1
0 59 1
0 60 1
0 61 1
0 62 1
0 63 1
0 64 1
0 65 1
0 66 1
0 67 1
0 68 1
0 69 1
0 70 1
0 71 1
0 72 1
0 73 1
0 74 1
0 75 1
0 76 1
0 77 1
0 78 1
0 79 1
0 80 1
0 81 1
0 82 1
0 83 1
0 84 1
0 85 1
0 86 1
0 87 1
0 88 1
0 89 1
0 90 1
0 91 1
0 92 1
0 93 1
0 94 1
0 95 1
0 96 1
0 97 1
0 98 1
0 99 1
0 100 1
0 101 1
0 102 1
0 103 1
0 104 1
0 105 1
0 106 1
0 107 1
0 108 1
0 109 1
0 110 1
0 111 1
0 112 1
0 113 1
0 114 1
0 115 1
0 116 1
0 117 1
0 118 1
0 119 1
0 120 1
0 121 1
0 122 1
0 123 1
0 124 1
0 125 1
0 126 1
0 127 1
127 0 1
127 1 1
127 2 1
127 3 1
127 4 1
127 5 1
127 6 1
127 7 1
127 8 1
127 9 1
127 10 1
127 11 1
127 12 1
127 13 1
127 14 1
127 15 1
127 16 1
127 17 1
127 18 1
127 19 1
127 20 1
127 21 1
127 22 1
127 23 1
127 24 1
127 25 1
127 26 1
127 27 1
127 28 1
127 29 1
127 30 1
127 31 1
127 32 1
127 33 1
127 34 1
127 35 1
127 36 1
127 37 1
127 38 1
127 39 1
127 40 1
127 41 1
127 42 1
127 43 1
127 44 1
127 45 1
127 46 1
127 47 1
127 48 1
127 49 1
127 50 1
127 51 1
127 52 1
127 53 1
127 54 1
127 55 1
127 56 1
127 57 1
127 58 1
127 59 1
127 60 1
127 61 1
127 62 1
127 63 1
127 64 1
127 65 1
127 66 1
127 67 1
127 68 1
127 69 1
127 70 1
127 71 1
127 72 1
127 73 1
127 74 1
127 75 1
127 76 1
127 77 1
127 78 1
127 79 1
127 80 1
127 81 1
127 82 1
127 83 1
127 84 1
127 85 1
127 86 1
127 87 1
127 88 1
127 89 1
127 90 1
127 91 1
127 92 1
127 93 1
127 94 1
127 95 1
127 96 1
127 97 1
127 98 1
127 99 1
127 100 1
127 101 1
127 102 1
127 103 1
127 104 1
127 105 1
127 106 1
127 107 1
127 108 1
127 109 1
127 110 1
127 111 1
127 112 1
127 113 1
127 114 1
127 115 1
127 116 1
127 117 1
127 118 1
127 119 1
127 120 1
127 121 1
127 122 1
127 123 1
127 124 1
127 125 1
127 126 1
127 127 1
31 31 1
31 32 1
31 33 1
31 34 1
31 35 1
31 36 1
31 37 1
31 38 1
31 39 1
31 40 1
31 41 1
31 42 1
31 43 1
31 44 1
31 45 1
31 46 1
31 47 1
31 48 1
31 49 1
31 50 1
31 51 1
31 52 1
31 53 1
31 54 1
31 55 1
31 56 1
31 57 1
31 58 1
31 59 1
31 60 1
31 61 1
31 62 1
31 63 1
31 64 1
31 65 1
31 66 1
31 67 1
31 68 1
31 69 1
31 70 1
31 71 1
31 72 1
31 73 1
31 74 1
31 75 1
31 76 1
31 77 1
31 78 1
31 79 1
31 80 1
31 81 1
31 82 1
31 83 1
31 84 1
31 85 1
31 86 1
31 87 1
31 88 1
31 89 1
31 90 1
31 91 1
31 92 1
31 93 1
31 94 1
32 31 1
32 32 1
32 33 1
32 34 1
32 35 1
32 36 1
32 37 1
32 38 1
32 39 1
32 40 1
32 41 1
32 42 1
32 43 1
32 44 1
32 45 1
32 46 1
32 47 1
32 48 1
32 49 1
32 50 1
32 51 1
32 52 1
32 53 1
32 54 1
32 55 1
32 56 1
32 57 1
32 58 1
32 59 1
32 60 1
32 61 1
32 62 1
32 63 1
32 64 1
32 65 1
32 66 1
32 67 1
32 68 1
32 69 1
32 70 1
32 71 1
32 72 1
32 73 1
32 74 1
32 75 1
32 76 1
32 77 1
32 78 1
32 79 1
32 80 1
32 81 1
32 82 1
32 83 1
32 84 1
32 85 1
32 86 1
32 87 1
32 88 1
32 89 1
32 90 1
32 91 1
32 92 1
32 93 1
32 94 1
33 31 1
33 32 1
33 33 1
33 34 1
33 35 1
33 36 1
33 37 1
33 38 1
33 39 1
33 40 1
33 41 1
33 42 1
33 43 1
33 44 1
33 45 1
33 46 1
33 47 1
33 48 1
33 49 1
33 50 1
33 51 1
33 52 1
33 53 1
33 54 1
33 55 1
33 56 1
33 57 1
33 58 1
33 59 1
33 60 1
33 61 1
33 62 1
33 63 1
33 64 1
33 65 1
33 66 1
33 67 1
33 68 1
33 69 1
33 70 1
33 71 1
33 72 1
33 73 1
33 74 1
33 75 1
33 76 1
33 77 1
33 78 1
33 79 1
33 80 1
33 81 1
33 82 1
33 83 1
33 84 1
33 85 1
33 86 1
33 87 1
33 88 1
33 89 1
33 90 1
33 91 1
33 92 1
33 93 1
33 94 1
34 31 1
34 32 1
34 33 1
34 34 1
34 35 1
34 36 1
34 37 1
34 38 1
34 39 1
34 40 1
34 41 1
34 42 1
34 43 1
34 44 1
34 45 1
34 46 1
34 47 1
34 48 1
34 49 1
34 50 1
34 51 1
34 52 1
34 53 1
34 54 1
34 55 1
34 56 1
34 57 1
34 58 1
34 59 1
34 60 1
34 61 1
34 62 1
34 63 1
34 64 1
34 65 1
34 66 1
34 67 1
34 68 1
34 69 1
34 70 1
34 71 1
34 72 1
34 73 1
34 74 1
34 75 1
34 76 1
34 77 1
34 78 1
34 79 1
34 80 1
34 81 1
34 82 1
34 83 1
34 84 1
34 85 1
34 86 1
34 87 1
34 88 1
34 89 1
34 90 1
34 91 1
34 92 1
34 93 1
34 94 1
35 31 1
35 32 1
35 33 1
35 34 1
35 35 1
35 36 1
35 37 1
35 38 1
35 39 1
35 40 1
35 41 1
35 42 1
35 43 1
35 44 1
35 45 1
35 46 1
35 47 1
35 48 1
35 49 1
35 50 1
35 51 1
35 52 1
35 53 1
35 54 1
35 55 1
35 56 1
35 57 1
35 58 1
35 59 1
35 60 1
35 61 1
35 62 1
35 63 1
35 64 1
35 65 1
35 66 1
35 67 1
35 68 1
35 69 1
35 70 1
35 71 1
35 72 1
35 73 1
35 74 1
35 75 1
35 76 1
35 77 1
35 78 1
35 79 1
35 80 1
35 81 1
35 82 1
35 83 1
35 84 1
35 85 1
35 86 1
35 87 1
35 88 1
35 89 1
35 90 1
35 91 1
35 92 1
35 93 1
35 94 1
36 31 1
36 32 1
36 33 1
36 34 1
36 35 1
36 36 1
36 37 1
36 38 1
36 39 1
36 40 1
36 41 1
36 42 1
36 43 1
36 44 1
36 45 1
36 46 1
36 47 1
36 48 1
36 49 1
36 50 1
36 51 1
36 52 1
36 53 1
36 54 1
36 55 1
36 56 1
36 57 1
36 58 1
36 59 1
36 60 1
36 61 1
36 62 1
36 63 1
36 64 1
36 65 1
36 66 1
36 67 1
36 68 1
36 69 1
36 70 1
36 71 1
36 72 1
36 73 1
36 74 1
36 75 1
36 76 1
36 77 1
36 78 1
36 79 1
36 80 1
36 81 1
36 82 1
36 83 1
36 84 1
36 85 1
36 86 1
36 87 1
36 88 1
36 89 1
36 90 1
36 91 1
36 92 1
36 93 1
36 94 1
37 31 1
37 32 1
37 33 1
37 34 1
37 35 1
37 36 1
37 37 1
37 38 1
37 39 1
37 40 1
37 41 1
37 42 1
37 43 1
37 44 1
37 45 1
37 46 1
37 47 1
37 48 1
37 49 1
37 50 1
37 51 1
37 52 1
37 53 1
37 54 1
37 55 1
37 56 1
37 57 1
37 58 1
37 59 1
37 60 1
37 61 1
37 62 1
37 63 1
37 64 1
37 65 1
37 66 1
37 67 1
37 68 1
37 69 1
37 70 1
37 71 1
37 72 1
37 73 1
37 74 1
37 75 1
37 76 1
37 77 1
37 78 1
37 79 1
37 80 1
37 81 1
37 82 1
37 83 1
37 84 1
37 85 1
37 86 1
37 87 1
37 88 1
37 89 1
37 90 1
37 91 1
37 92 1
37 93 1
37 94 1
38 31 1
38 32 1
38 33 1
38 34 1
38 35 1
38 36 1
38 37 1
38 38 1
38 39 1
38 40 1
38 41 1
38 42 1
38 43 1
38 44 1
38 45 1
38 46 1
38 47 1
38 48 1
38 49 1
38 50 1
38 51 1
38 52 1
38 53 1
38 54 1
38 55 1
38 56 1
38 57 1
38 58 1
38 59 1
38 60 1
38 61 1
38 62 1
38 63 1
38 64 1
38 65 1
38 66 1
38 67 1
38 68 1
38 69 1
38 70 1
38 71 1
38 72 1
38 73 1
38 74 1
38 75 1
38 76 1
38 77 1
38 78 1
38 79 1
38 80 1
38 81 1
38 82 1
38 83 1
38 84 1
38 85 1
38 86 1
38 87 1
38 88 1
38 89 1
38 90 1
38 91 1
38 92 1
38 93 1
38 94 1
39 31 1
39 32 1
39 33 1
39 34 1
39 35 1
39 36 1
39 37 1
39 38 1
39 39 1
39 40 1
39 41 1
39 42 1
39 43 1
39 44 1
39 45 1
39 46 1
39 47 1
39 48 1
39 49 1
39 50 1
39 51 1
39 52 1
39 53 1
39 54 1
39 55 1
39 56 1
39 57 1
39 58 1
39 59 1
39 60 1
39 61 1
39 62 1
39 63 1
39 64 1
39 65 1
39 66 1
39 67 1
39 68 1
39 69 1
39 70 1
39 71 1
39 72 1
39 73 1
39 74 1
39 75 1
39 76 1
39 77 1
39 78 1
39 79 1
39 80 1
39 81 1
39 82 1
39 83 1
39 84 1
39 85 1
39 86 1
39 87 1
39 88 1
39 89 1
39 90 1
39 91 1
39 92 1
39 93 1
39 94 1
40 31 1
40 32 1
40 33 1
40 34 1
40 35 1
40 36 1
40 37 1
40 38 1
40 39 1
40 40 1
40 41 1
40 42 1
40 43 1
40 44 1
40 45 1
40 46 1
40 47 1
40 48 1
40 49 1
40 50 1
40 51 1
40 52 1
40 53 1
40 54 1
40 55 1
40 56 1
40 57 1
40 58 1
40 59 1
40 60 1
40 61 1
40 62 1
40 63 1
40 64 1
40 65 1
40 66 1
40 67 1
40 68 1
40 69 1
40 70 1
40 71 1
40 72 1
40 73 1
40 74 1
40 75 1
40 76 1
40 77 1
40 78 1
40 79 1
40 80 1
40 81 1
40 82 1
40 83 1
40 84 1
40 85 1
40 86 1
40 87 1
40 88 1
40 89 1
40 90 1
40 91 1
40 92 1
40 93 1
40 94 1
41 31 1
41 32 1
41 33 1
41 34 1
41 35 1
41 36 1
41 37 1
41 38 1
41 39 1
41 40 1
41 41 1
41 42 1
41 43 1
41 44 1
41 45 1
41 46 1
41 47 1
41 48 1
41 49 1
41 50 1
41 51 1
41 52 1
41 53 1
41 54 1
41 55 1
41 56 1
41 57 1
41 58 1
41 59 1
41 60 1
41 61 1
41 62 1
41 63 1
41 64 1
41 65 1
41 66 1
41 67 1
41 68 1
41 69 1
41 70 1
41 71 1
41 72 1
41 73 1
41 74 1
41 75 1
41 76 1
41 77 1
41 78 1
41 79 1
41 80 1
41 81 1
41 82 1
41 83 1
41 84 1
41 85 1
41 86 1
41 87 1
41 88 1
41 89 1
41 90 1
41 91 1
41 92 1
41 93 1
41 94 1
42 31 1
42 32 1
42 33 1
42 34 1
42 35 1
42 36 1
42 37 1
42 38 1
42 39 1
42 40 1
42 41 1
42 42 1
42 43 1
42 44 1
42 45 1
42 46 1
42 47 1
42 48 1
42 49 1
42 50 1
42 51 1
42 52 1
42 53 1
42 54 1
42 55 1
42 56 1
42 57 1
42 58 1
42 59 1
42 60 1
42 61 1
42 62 1
42 63 1
42 64 1
42 65 1
42 66 1
42 67 1
42 68 1
42 69 1
42 70 1
42 71 1
42 72 1
42 73 1
42 74 1
42 75 1
42 76 1
42 77 1
42 78 1
42 79 1
42 80 1
42 81 1
42 82 1
42 83 1
42 84 1
42 85 1
42 86 1
42 87 1
42 88 1
42 89 1
42 90 1
42 91 1
42 92 1
42 93 1
42 94 1
43 31 1
43 32 1
43 33 1
43 34 1
43 35 1
43 36 1
43 37 1
43 38 1
43 39 1
43 40 1
43 41 1
43 42 1
43 43 1
43 44 1
43 45 1
43 46 1
43 47 1
43 48 1
43 49 1
43 50 1
43 51 1
43 52 1
43 53 1
43 54 1
43 55 1
43 56 1
43 57 1
43 58 1
43 59 1
43 60 1
43 61 1
43 62 1
43 63 1
43 64 1
43 65 1
43 66 1
43 67 1
43 68 1
43 69 1
43 70 1
43 71 1
43 72 1
43 73 1
43 74 1
43 75 1
43 76 1
43 77 1
43 78 1
43 79 1
43 80 1
43 81 1
43 82 1
43 83 1
43 84 1
43 85 1
43 86 1
43 87 1
43 88 1
43 89 1
43 90 1
43 91 1
43 92 1
43 93 1
43 94 1
44 31 1
44 32 1
44 33 1
44 34 1
44 35 1
44 36 1
44 37 1
44 38 1
44 39 1
44 40 1
44 41 1
44 42 1
44 43 1
44 44 1
44 45 1
44 46 1
44 47 1
44 48 1
44 49 1
44 50 1
44 51 1
44 52 1
44 53 1
44 54 1
44 55 1
44 56 1
44 57 1
44 58 1
44 59 1
44 60 1
44 61 1
44 62 1
44 63 1
44 64 1
44 65 1
44 66 1
44 67 1
44 68 1
44 69 1
44 70 1
44 71 1
44 72 1
44 73 1
44 74 1
44 75 1
44 76 1
44 77 1
44 78 1
44 79 1
44 80 1
44 81 1
44 82 1
44 83 1
44 84 1
44 85 1
44 86 1
44 87 1
44 88 1
44 89 1
44 90 1
44 91 1
44 92 1
44 93 1
44 94 1
45 31 1
45 32 1
45 33 1
45 34 1
45 35 1
45 36 1
45 37 1
45 38 1
45 39 1
45 40 1
45 41 1
45 42 1
45 43 1
45 44 1
45 45 1
45 46 1
45 47 1
45 48 1
45 49 1
45 50 1
45 51 1
45 52 1
45 53 1
45 54 1
45 55 1
45 56 1
45 57 1
45 58 1
45 59 1
45 60 1
45 61 1
45 62 1
45 63 1
45 64 1
45 65 1
45 66 1
45 67 1
45 68 1
45 69 1
45 70 1
45 71 1
45 72 1
45 73 1
45 74 1
45 75 1
45 76 1
45 77 1
45 78 1
45 79 1
45 80 1
45 81 1
45 82 1
45 83 1
45 84 1
45 85 1
45 86 1
45 87 1
45 88 1
45 89 1
45 90 1
45 91 1
45 92 1
45 93 1
45 94 1
46 31 1
46 32 1
46 33 1
46 34 1
46 35 1
46 36 1
46 37 1
46 38 1
46 39 1
46 40 1
46 41 1
46 42 1
46 43 1
46 44 1
46 45 1
46 46 1
46 47 1
46 48 1
46 49 1
46 50 1
46 51 1
46 52 1
46 53 1
46 54 1
46 55 1
46 56 1
46 57 1
46 58 1
46 59 1
46 60 1
46 61 1
46 62 1
46 63 1
46 64 1
46 65 1
46 66 1
46 67 1
46 68 1
46 69 1
46 70 1
46 71 1
46 72 1
46 73 1
46 74 1
46 75 1
46 76 1
46 77 1
46 78 1
46 79 1
46 80 1
46 81 1
46 82 1
46 83 1
46 84 1
46 85 1
46 86 1
46 87 1
46 88 1
46 89 1
46 90 1
46 91 1
46 92 1
46 93 1
46 94 1
47 31 1
47 32 1
47 33 1
47 34 1
47 35 1
47 36 1
47 37 1
47 38 1
47 39 1
47 40 1
47 41 1
47 42 1
47 43 1
47 44 1
47 45 1
47 46 1
47 47 1
47 48 1
47 49 1
47 50 1
47 51 1
47 52 1
47 53 1
47 54 1
47 55 1
47 56 1
47 57 1
47 58 1
47 59 1
47 60 1
47 61 1
47 62 1
47 63 1
47 64 1
47 65 1
47 66 1
47 67 1
47 68 1
47 69 1
47 70 1
47 71 1
47 72 1
47 73 1
47 74 1
47 75 1
47 76 1
47 77 1
47 78 1
47 79 1
47 80 1
47 81 1
47 82 1
47 83 1
47 84 1
47 85 1
47 86 1
47 87 1
47 88 1
47 89 1
47 90 1
47 91 1
47 92 1
47 93 1
47 94 1
48 31 1
48 32 1
48 33 1
48 34 1
48 35 1
48 36 1
48 37 1
48 38 1
48 39 1
48 40 1
48 41 1
48 42 1
48 43 1
48 44 1
48 45 1
48 46 1
48 47 1
48 48 1
48 49 1
48 50 1
48 51 1
48 52 1
48 53 1
48 54 1
48 55 1
48 56 1
48 57 1
48 58 1
48 59 1
48 60 1
48 61 1
48 62 1
48 63 1
48 64 1
48 65 1
48 66 1
48 67 1
48 68 1
48 69 1
48 70 1
48 71 1
48 72 1
48 73 1
48 74 1
48 75 1
48 76 1
48 77 1
48 78 1
48 79 1
48 80 1
48 81 1
48 82 1
48 83 1
48 84 1
48 85 1
48 86 1
48 87 1
48 88 1
48 89 1
48 90 1
48 91 1
48 92 1
48 93 1
48 94 1
49 31 1
49 32 1
49 33 1
49 34 1
49 35 1
49 36 1
49 37 1
49 38 1
49 39 1
49 40 1
49 41 1
49 42 1
49 43 1
49 44 1
49 45 1
49 46 1
49 47 1
49 48 1
49 49 1
49 50 1
49 51 1
49 52 1
49 53 1
49 54 1
49 55 1
49 56 1
49 57 1
49 58 1
49 59 1
49 60 1
49 61 1
49 62 1
49 63 1
49 64 1
49 65 1
49 66 1
49 67 1
49 68 1
49 69 1
49 70 1
49 71 1
49 72 1
49 73 1
49 74 1
49 75 1
49 76 1
49 77 1
49 78 1
49 79 1
49 80 1
49 81 1
49 82 1
49 83 1
49 84 1
49 85 1
49 86 1
49 87 1
49 88 1
49 89 1
49 90 1
49 91 1
49 92 1
49 93 1
49 94 1
50 31 1
50 32 1
50 33 1
50 34 1
50 35 1
50 36 1
50 37 1
50 38 1
50 39 1
50 40 1
50 41 1
50 42 1
50 43 1
50 44 1
50 45 1
50 46 1
50 47 1
50 48 1
50 49 1
50 50 1
50 51 1
50 52 1
50 53 1
50 54 1
50 55 1
50 56 1
50 57 1
50 58 1
50 59 1
50 60 1
50 61 1
50 62 1
50 63 1
50 64 1
50 65 1
50 66 1
50 67 1
50 68 1
50 69 1
50 70 1
50 71 1
50 72 1
50 73 1
50 74 1
50 75 1
50 76 1
50 77 1
50 78 1
50 79 1
50 80 1
50 81 1
50 82 1
50 83 1
50 84 1
50 85 1
50 86 1
50 87 1
50 88 1
50 89 1
50 90 1
50 91 1
50 92 1
50 93 1
50 94 1
51 31 1
51 32 1
51 33 1
51 34 1
51 35 1
51 36 1
51 37 1
51 38 1
51 39 1
51 40 1
51 41 1
51 42 1
51 43 1
51 44 1
51 45 1
51 46 1
51 47 1
51 48 1
51 49 1
51 50 1
51 51 1
51 52 1
51 53 1
51 54 1
51 55 1
51 56 1
51 57 1
51 58 1
51 59 1
51 60 1
51 61 1
51 62 1
51 63 1
51 64 1
51 65 1
51 66 1
51 67 1
51 68 1
51 69 1
51 70 1
51 71 1
51 72 1
51 73 1
51 74 1
51 75 1
51 76 1
51 77 1
51 78 1
51 79 1
51 80 1
51 81 1
51 82 1
51 83 1
51 84 1
51 85 1
51 86 1
51 87 1
51 88 1
51 89 1
51 90 1
51 91 1
51 92 1
51 93 1
51 94 1
52 31 1
52 32 1
52 33 1
52 34 1
52 35 1
52 36 1
52 37 1
52 38 1
52 39 1
52 40 1
52 41 1
52 42 1
52 43 1
52 44 1
52 45 1
52 46 1
52 47 1
52 48 1
52 49 1
52 50 1
52 51 1
52 52 1
52 53 1
52 54 1
52 55 1
52 56 1
52 57 1
52 58 1
52 59 1
52 60 1
52 61 1
52 62 1
52 63 1
52 64 1
52 65 1
52 66 1
52 67 1
52 68 1
52 69 1
52 70 1
52 71 1
52 72 1
52 73 1
52 74 1
52 75 1
52 76 1
52 77 1
52 78 1
52 79 1
52 80 1
52 81 1
52 82 1
52 83 1
52 84 1
52 85 1
52 86 1
52 87 1
52 88 1
52 89 1
52 90 1
52 91 1
52 92 1
52 93 1
52 94 1
53 31 1
53 32 1
53 33 1
53 34 1
53 35 1
53 36 1
53 37 1
53 38 1
53 39 1
53 40 1
53 41 1
53 42 1
53 43 1
53 44 1
53 45 1
53 46 1
53 47 1
53 48 1
53 49 1
53 50 1
53 51 1
53 52 1
53 53 1
53 54 1
53 55 1
53 56 1
53 57 1
53 58 1
53 59 1
53 60 1
53 61 1
53 62 1
53 63 1
53 64 1
53 65 1
53 66 1
53 67 1
53 68 1
53 69 1
53 70 1
53 71 1
53 72 1
53 73 1
53 74 1
53 75 1
53 76 1
53 77 1
53 78 1
53 79 1
53 80 1
53 81 1
53 82 1
53 83 1
53 84 1
53 85 1
53 86 1
53 87 1
53 88 1
53 89 1
53 90 1
53 91 1
53 92 1
53 93 1
53 94 1
54 31 1
54 32 1
54 33 1
54 34 1
54 35 1
54 36 1
54 37 1
54 38 1
54 39 1
54 40 1
54 41 1
54 42 1
54 43 1
54 44 1
54 45 1
54 46 1
54 47 1
54 48 1
54 49 1
54 50 1
54 51 1
54 52 1
54 53 1
54 54 1
54 55 1
54 56 1
54 57 1
54 58 1
54 59 1
54 60 1
54 61 1
54 62 1
54 63 1
54 64 1
54 65 1
54 66 1
54 67 1
54 68 1
54 69 1
54 70 1
54 71 1
54 72 1
54 73 1
54 74 1
54 75 1
54 76 1
54 77 1
54 78 1
54 79 1
54 80 1
54 81 1
54 82 1
54 83 1
54 84 1
54 85 1
54 86 1
54 87 1
54 88 1
54 89 1
54 90 1
54 91 1
54 92 1
54 93 1
54 94 1
55 31 1
55 32 1
55 33 1
55 34 1
55 35 1
55 36 1
55 37 1
55 38 1
55 39 1
55 40 1
55 41 1
55 42 1
55 43 1
55 44 1
55 45 1
55 46 1
55 47 1
55 48 1
55 49 1
55 50 1
55 51 1
55 52 1
55 53 1
55 54 1
55 55 1
55 56 1
55 57 1
55 58 1
55 59 1
55 60 1
55 61 1
55 62 1
55 63 1
55 64 1
55 65 1
55 66 1
55 67 1
55 68 1
55 69 1
55 70 1
55 71 1
55 72 1
55 73 1
55 74 1
55 75 1
55 76 1
55 77 1
55 78 1
55 79 1
55 80 1
55 81 1
55 82 1
55 83 1
55 84 1
55 85 1
55 86 1
55 87 1
55 88 1
55 89 1
55 90 1
55 91 1
55 92 1
55 93 1
55 94 1
56 31 1
56 32 1
56 33 1
56 34 1
56 35 1
56 36 1
56 37 1
56 38 1
56 39 1
56 40 1
56 41 1
56 42 1
56 43 1
56 44 1
56 45 1
56 46 1
56 47 1
56 48 1
56 49 1
56 50 1
56 51 1
56 52 1
56 53 1
56 54 1
56 55 1
56 56 1
56 57 1
56 58 1
56 59 1
56 60 1
56 61 1
56 62 1
56 63 1
56 64 1
56 65 1
56 66 1
56 67 1
56 68 1
56 69 1
56 70 1
56 71 1
56 72 1
56 73 1
56 74 1
56 75 1
56 76 1
56 77 1
56 78 1
56 79 1
56 80 1
56 81 1
56 82 1
56 83 1
56 84 1
56 85 1
56 86 1
56 87 1
56 88 1
56 89 1
56 90 1
56 91 1
56 92 1
56 93 1
56 94 1
57 31 1
57 32 1
57 33 1
57 34 1
57 35 1
57 36 1
57 37 1
57 38 1
57 39 1
57 40 1
57 41 1
57 42 1
57 43 1
57 44 1
57 45 1
57 46 1
57 47 1
57 48 1
57 49 1
57 50 1
57 51 1
57 52 1
57 53 1
57 54 1
57 55 1
57 56 1
57 57 1
57 58 1
57 59 1
57 60 1
57 61 1
57 62 1
57 63 1
57 64 1
57 65 1
57 66 1
57 67 1
57 68 1
57 69 1
57 70 1
57 71 1
57 72 1
57 73 1
57 74 1
57 75 1
57 76 1
57 77 1
57 78 1
57 79 1
57 80 1
57 81 1
57 82 1
57 83 1
57 84 1
57 85 1
57 86 1
57 87 1
57 88 1
57 89 1
57 90 1
57 91 1
57 92 1
57 93 1
57 94 1
58 31 1
58 32 1
58 33 1
58 34 1
58 35 1
58 36 1
58 37 1
58 38 1
58 39 1
58 40 1
58 41 1
58 42 1
58 43 1
58 44 1
58 45 1
58 46 1
58 47 1
58 48 1
58 49 1
58 50 1
58 51 1
58 52 1
58 53 1
58 54 1
58 55 1
58 56 1
58 57 1
58 58 1
58 59 1
58 60 1
58 61 1
58 62 1
58 63 1
58 64 1
58 65 1
58 66 1
58 67 1
58 68 1
58 69 1
58 70 1
58 71 1
58 72 1
58 73 1
58 74 1
58 75 1
58 76 1
58 77 1
58 78 1
58 79 1
58 80 1
58 81 1
58 82 1
58 83 1
58 84 1
58 85 1
58 86 1
58 87 1
58 88 1
58 89 1
58 90 1
58 91 1
58 92 1
58 93 1
58 94 1
59 31 1
59 32 1
59 33 1
59 34 1
59 35 1
59 36 1
59 37 1
59 38 1
59 39 1
59 40 1
59 41 1
59 42 1
59 43 1
59 44 1
59 45 1
59 46 1
59 47 1
59 48 1
59 49 1
59 50 1
59 51 1
59 52 1
59 53 1
59 54 1
59 55 1
59 56 1
59 57 1
59 58 1
59 59 1
59 60 1
59 61 1
59 62 1
59 63 1
59 64 1
59 65 1
59 66 1
59 67 1
59 68 1
59 69 1
59 70 1
59 71 1
59 72 1
59 73 1
59 74 1
59 75 1
59 76 1
59 77 1
59 78 1
59 79 1
59 80 1
59 81 1
59 82 1
59 83 1
59 84 1
59 85 1
59 86 1
59 87 1
59 88 1
59 89 1
59 90 1
59 91 1
59 92 1
59 93 1
59 94 1
60 31 1
60 32 1
60 33 1
60 34 1
60 35 1
60 36 1
60 37 1
60 38 1
60 39 1
60 40 1
60 41 1
60 42 1
60 43 1
60 44 1
60 45 1
60 46 1
60 47 1
60 48 1
60 49 1
60 50 1
60 51 1
60 52 1
60 53 1
60 54 1
60 55 1
60 56 1
60 57 1
60 58 1
60 59 1
60 60 1
60 61 1
60 62 1
60 63 1
60 64 1
60 65 1
60 66 1
60 67 1
60 68 1
60 69 1
60 70 1
60 71 1
60 72 1
60 73 1
60 74 1
60 75 1
60 76 1
60 77 1
60 78 1
60 79 1
60 80 1
60 81 1
60 82 1
60 83 1
60 84 1
60 85 1
60 86 1
60 87 1
60 88 1
60 89 1
60 90 1
60 91 1
60 92 1
60 93 1
60 94 1
61 31 1
61 32 1
61 33 1
61 34 1
61 35 1
61 36 1
61 37 1
61 38 1
61 39 1
61 40 1
61 41 1
61 42 1
61 43 1
61 44 1
61 45 1
61 46 1
61 47 1
61 48 1
61 49 1
61 50 1
61 51 1
61 52 1
61 53 1
61 54 1
61 55 1
61 56 1
61 57 1
61 58 1
61 59 1
61 60 1
61 61 1
61 62 1
61 63 1
61 64 1
61 65 1
61 66 1
61 67 1
61 68 1
61 69 1
61 70 1
61 71 1
61 72 1
61 73 1
61 74 1
61 75 1
61 76 1
61 77 1
61 78 1
61 79 1
61 80 1
61 81 1
61 82 1
61 83 1
61 84 1
61 85 1
61 86 1
61 87 1
61 88 1
61 89 1
61 90 1
61 91 1
61 92 1
61 93 1
61 94 1
62 31 1
62 32 1
62 33 1
62 34 1
62 35 1
62 36 1
62 37 1
62 38 1
62 39 1
62 40 1
62 41 1
62 42 1
62 43 1
62 44 1
62 45 1
62 46 1
62 47 1
62 48 1
62 49 1
62 50 1
62 51 1
62 52 1
62 53 1
62 54 1
62 55 1
62 56 1
62 57 1
62 58 1
62 59 1
62 60 1
62 61 1
62 62 1
62 63 1
62 64 1
62 65 1
62 66 1
62 67 1
62 68 1
62 69 1
62 70 1
62 71 1
62 72 1
62 73 1
62 74 1
62 75 1
62 76 1
62 77 1
62 78 1
62 79 1
62 80 1
62 81 1
62 82 1
62 83 1
62 84 1
62 85 1
62 86 1
62 87 1
62 88 1
62 89 1
62 90 1
62 91 1
62 92 1
62 93 1
62 94 1
63 31 1
63 32 1
63 33 1
63 34 1
63 35 1
63 36 1
63 37 1
63 38 1
63 39 1
63 40 1
63 41 1
63 42 1
63 43 1
63 44 1
63 45 1
63 46 1
63 47 1
63 48 1
63 49 1
63 50 1
63 51 1
63 52 1
63 53 1
63 54 1
63 55 1
63 56 1
63 57 1
63 58 1
63 59 1
63 60 1
63 61 1
63 62 1
63 63 1
63 64 1
63 65 1
63 66 1
63 67 1
63 68 1
63 69 1
63 70 1
63 71 1
63 72 1
63 73 1
63 74 1
63 75 1
63 76 1
63 77 1
63 78 1
63 79 1
63 80 1
63 81 1
63 82 1
63 83 1
63 84 1
63 85 1
63 86 1
63 87 1
63 88 1
63 89 1
63 90 1
63 91 1
63 92 1
63 93 1
63 94 1
64 31 1
64 32 1
64 33 1
64 34 1
64 35 1
64 36 1
64 37 1
64 38 1
64 39 1
64 40 1
64 41 1
64 42 1
64 43 1
64 44 1
64 45 1
64 46 1
64 47 1
64 48 1
64 49 1
64 50 1
64 51 1
64 52 1
64 53 1
64 54 1
64 55 1
64 56 1
64 57 1
64 58 1
64 59 1
64 60 1
64 61 1
64 62 1
64 63 1
64 64 1
64 65 1
64 66 1
64 67 1
64 68 1
64 69 1
64 70 1
64 71 1
64 72 1
64 73 1
64 74 1
64 75 1
64 76 1
64 77 1
64 78 1
64 79 1
64 80 1
64 81 1
64 82 1
64 83 1
64 84 1
64 85 1
64 86 1
64 87 1
64 88 1
64 89 1
64 90 1
64 91 1
64 92 1
64 93 1
64 94 1
65 31 1
65 32 1
65 33 1
65 34 1
65 35 1
65 36 1
65 37 1
65 38 1
65 39 1
65 40 1
65 41 1
65 42 1
65 43 1
65 44 1
65 45 1
65 46 1
65 47 1
65 48 1
65 49 1
65 50 1
65 51 1
65 52 1
65 53 1
65 54 1
65 55 1
65 56 1
65 57 1
65 58 1
65 59 1
65 60 1
65 61 1
65 62 1
65 63 1
65 64 1
65 65 1
65 66 1
65 67 1
65 68 1
65 69 1
65 70 1
65 71 1
65 72 1
65 73 1
65 74 1
65 75 1
65 76 1
65 77 1
65 78 1
65 79 1
65 80 1
65 81 1
65 82 1
65 83 1
65 84 1
65 85 1
65 86 1
65 87 1
65 88 1
65 89 1
65 90 1
65 91 1
65 92 1
65 93 1
65 94 1
66 31 1
66 32 1
66 33 1
66 34 1
66 35 1
66 36 1
66 37 1
66 38 1
66 39 1
66 40 1
66 41 1
66 42 1
66 43 1
66 44 1
66 45 1
66 46 1
66 47 1
66 48 1
66 49 1
66 50 1
66 51 1
66 52 1
66 53 1
66 54 1
66 55 1
66 56 1
66 57 1
66 58 1
66 59 1
66 60 1
66 61 1
66 62 1
66 63 1
66 64 1
66 65 1
66 66 1
66 67 1
66 68 1
66 69 1
66 70 1
66 71 1
66 72 1
66 73 1
66 74 1
66 75 1
66 76 1
66 77 1
66 78 1
66 79 1
66 80 1
66 81 1
66 82 1
66 83 1
66 84 1
66 85 1
66 86 1
66 87 1
66 88 1
66 89 1
66 90 1
66 91 1
66 92 1
66 93 1
66 94 1
67 31 1
67 32 1
67 33 1
67 34 1
67 35 1
67 36 1
67 37 1
67 38 1
67 39 1
67 40 1
67 41 1
67 42 1
67 43 1
67 44 1
67 45 1
67 46 1
67 47 1
67 48 1
67 49 1
67 50 1
67 51 1
67 52 1
67 53 1
67 54 1
67 55 1
67 56 1
67 57 1
67 58 1
67 59 1
67 60 1
67 61 1
67 62 1
67 63 1
67 64 1
67 65 1
67 66 1
67 67 1
67 68 1
67 69 1
67 70 1
67 71 1
67 72 1
67 73 1
67 74 1
67 75 1
67 76 1
67 77 1
67 78 1
67 79 1
67 80 1
67 81 1
67 82 1
67 83 1
67 84 1
67 85 1
67 86 1
67 87 1
67 88 1
67 89 1
67 90 1
67 91 1
67 92 1
67 93 1
67 94 1
68 31 1
68 32 1
68 33 1
68 34 1
68 35 1
68 36 1
68 37 1
68 38 1
68 39 1
68 40 1
68 41 1
68 42 1
68 43 1
68 44 1
68 45 1
68 46 1
68 47 1
68 48 1
68 49 1
68 50 1
68 51 1
68 52 1
68 53 1
68 54 1
68 55 1
68 56 1
68 57 1
68 58 1
68 59 1
68 60 1
68 61 1
68 62 1
68 63 1
68 64 1
68 65 1
68 66 1
68 67 1
68 68 1
68 69 1
68 70 1
68 71 1
68 72 1
68 73 1
68 74 1
68 75 1
68 76 1
68 77 1
68 78 1
68 79 1
68 80 1
68 81 1
68 82 1
68 83 1
68 84 1
68 85 1
68 86 1
68 87 1
68 88 1
68 89 1
68 90 1
68 91 1
68 92 1
68 93 1
68 94 1
69 31 1
69 32 1
69 33 1
69 34 1
69 35 1
69 36 1
69 37 1
69 38 1
69 39 1
69 40 1
69 41 1
69 42 1
69 43 1
69 44 1
69 45 1
69 46 1
69 47 1
69 48 1
69 49 1
69 50 1
69 51 1
69 52 1
69 53 1
69 54 1
69 55 1
69 56 1
69 57 1
69 58 1
69 59 1
69 60 1
69 61 1
69 62 1
69 63 1
69 64 1
69 65 1
69 66 1
69 67 1
69 68 1
69 69 1
69 70 1
69 71 1
69 72 1
69 73 1
69 74 1
69 75 1
69 76 1
69 77 1
69 78 1
69 79 1
69 80 1
69 81 1
69 82 1
69 83 1
69 84 1
69 85 1
69 86 1
69 87 1
69 88 1
69 89 1
69 90 1
69 91 1
69 92 1
69 93 1
69 94 1
70 31 1
70 32 1
70 33 1
70 34 1
70 35 1
70 36 1
70 37 1
70 38 1
70 39 1
70 40 1
70 41 1
70 42 1
70 43 1
70 44 1
70 45 1
70 46 1
70 47 1
70 48 1
70 49 1
70 50 1
70 51 1
70 52 1
70 53 1
70 54 1
70 55 1
70 56 1
70 57 1
70 58 1
70 59 1
70 60 1
70 61 1
70 62 1
70 63 1
70 64 1
70 65 1
70 66 1
70 67 1
70 68 1
70 69 1
70 70 1
70 71 1
70 72 1
70 73 1
70 74 1
70 75 1
70 76 1
70 77 1
70 78 1
70 79 1
70 80 1
70 81 1
70 82 1
70 83 1
70 84 1
70 85 1
70 86 1
70 87 1
70 88 1
70 89 1
70 90 1
70 91 1
70 92 1
70 93 1
70 94 1
71 31 1
71 32 1
71 33 1
71 34 1
71 35 1
71 36 1
71 37 1
71 38 1
71 39 1
71 40 1
71 41 1
71 42 1
71 43 1
71 44 1
71 45 1
71 46 1
71 47 1
71 48 1
71 49 1
71 50 1
71 51 1
71 52 1
71 53 1
71 54 1
71 55 1
71 56 1
71 57 1
71 58 1
71 59 1
71 60 1
71 61 1
71 62 1
71 63 1
71 64 1
71 65 1
71 66 1
71 67 1
71 68 1
71 69 1
71 70 1
71 71 1
71 72 1
71 73 1
71 74 1
71 75 1
71 76 1
71 77 1
71 78 1
71 79 1
71 80 1
71 81 1
71 82 1
71 83 1
71 84 1
71 85 1
71 86 1
71 87 1
71 88 1
71 89 1
71 90 1
71 91 1
71 92 1
71 93 1
71 94 1
72 31 1
72 32 1
72 33 1
72 34 1
72 35 1
72 36 1
72 37 1
72 38 1
72 39 1
72 40 1
72 41 1
72 42 1
72 43 1
72 44 1
72 45 1
72 46 1
72 47 1
72 48 1
72 49 1
72 50 1
72 51 1
72 52 1
72 53 1
72 54 1
72 55 1
72 56 1
72 57 1
72 58 1
72 59 1
72 60 1
72 61 1
72 62 1
72 63 1
72 64 1
72 65 1
72 66 1
72 67 1
72 68 1
72 69 1
72 70 1
72 71 1
72 72 1
72 73 1
72 74 1
72 75 1
72 76 1
72 77 1
72 78 1
72 79 1
72 80 1
72 81 1
72 82 1
72 83 1
72 84 1
72 85 1
72 86 1
72 87 1
72 88 1
72 89 1
72 90 1
72 91 1
72 92 1
72 93 1
72 94 1
73 31 1
73 32 1
73 33 1
73 34 1
73 35 1
73 36 1
73 37 1
73 38 1
73 39 1
73 40 1
73 41 1
73 42 1
73 43 1
73 44 1
73 45 1
73 46 1
73 47 1
73 48 1
73 49 1
73 50 1
73 51 1
73 52 1
73 53 1
73 54 1
73 55 1
73 56 1
73 57 1
73 58 1
73 59 1
73 60 1
73 61 1
73 62 1
73 63 1
73 64 1
73 65 1
73 66 1
73 67 1
73 68 1
73 69 1
73 70 1
73 71 1
73 72 1
73 73 1
73 74 1
73 75 1
73 76 1
73 77 1
73 78 1
73 79 1
73 80 1
73 81 1
73 82 1
73 83 1
73 84 1
73 85 1
73 86 1
73 87 1
73 88 1
73 89 1
73 90 1
73 91 1
73 92 1
73 93 1
73 94 1
74 31 1
74 32 1
74 33 1
74 34 1
74 35 1
74 36 1
74 37 1
74 38 1
74 39 1
74 40 1
74 41 1
74 42 1
74 43 1
74 44 1
74 45 1
74 46 1
74 47 1
74 48 1
74 49 1
74 50 1
74 51 1
74 52 1
74 53 1
74 54 1
74 55 1
74 56 1
74 57 1
74 58 1
74 59 1
74 60 1
74 61 1
74 62 1
74 63 1
74 64 1
74 65 1
74 66 1
74 67 1
74 68 1
74 69 1
74 70 1
74 71 1
74 72 1
74 73 1
74 74 1
74 75 1
74 76 1
74 77 1
74 78 1
74 79 1
74 80 1
74 81 1
74 82 1
74 83 1
74 84 1
74 85 1
74 86 1
74 87 1
74 88 1
74 89 1
74 90 1
74 91 1
74 92 1
74 93 1
74 94 1
75 31 1
75 32 1
75 33 1
75 34 1
75 35 1
75 36 1
75 37 1
75 38 1
75 39 1
75 40 1
75 41 1
75 42 1
75 43 1
75 44 1
75 45 1
75 46 1
75 47 1
75 48 1
75 49 1
75 50 1
75 51 1
75 52 1
75 53 1
75 54 1
75 55 1
75 56 1
75 57 1
75 58 1
75 59 1
75 60 1
75 61 1
75 62 1
75 63 1
75 64 1
75 65 1
75 66 1
75 67 1
75 68 1
75 69 1
75 70 1
75 71 1
75 72 1
75 73 1
75 74 1
75 75 1
75 76 1
75 77 1
75 78 1
75 79 1
75 80 1
75 81 1
75 82 1
75 83 1
75 84 1
75 85 1
75 86 1
75 87 1
75 88 1
75 89 1
75 90 1
75 91 1
75 92 1
75 93 1
75 94 1
76 31 1
76 32 1
76 33 1
76 34 1
76 35 1
76 36 1
76 37 1
76 38 1
76 39 1
76 40 1
76 41 1
76 42 1
76 43 1
76 44 1
76 45 1
76 46 1
76 47 1
76 48 1
76 49 1
76 50 1
76 51 1
76 52 1
76 53 1
76 54 1
76 55 1
76 56 1
76 57 1
76 58 1
76 59 1
76 60 1
76 61 1
76 62 1
76 63 1
76 64 1
76 65 1
76 66 1
76 67 1
76 68 1
76 69 1
76 70 1
76 71 1
76 72 1
76 73 1
76 74 1
76 75 1
76 76 1
76 77 1
76 78 1
76 79 1
76 80 1
76 81 1
76 82 1
76 83 1
76 84 1
76 85 1
76 86 1
76 87 1
76 88 1
76 89 1
76 90 1
76 91 1
76 92 1
76 93 1
76 94 1
77 31 1
77 32 1
77 33 1
77 34 1
77 35 1
77 36 1
77 37 1
77 38 1
77 39 1
77 40 1
77 41 1
77 42 1
77 43 1
77 44 1
77 45 1
77 46 1
77 47 1
77 48 1
77 49 1
77 50 1
77 51 1
77 52 1
77 53 1
77 54 1
77 55 1
77 56 1
77 57 1
77 58 1
77 59 1
77 60 1
77 61 1
77 62 1
77 63 1
77 64 1
77 65 1
77 66 1
77 67 1
77 68 1
77 69 1
77 70 1
77 71 1
77 72 1
77 73 1
77 74 1
77 75 1
77 76 1
77 77 1
77 78 1
77 79 1
77 80 1
77 81 1
77 82 1
77 83 1
77 84 1
77 85 1
77 86 1
77 87 1
77 88 1
77 89 1
77 90 1
77 91 1
77 92 1
77 93 1
77 94 1
78 31 1
78 32 1
78 33 1
78 34 1
78 35 1
78 36 1
78 37 1
78 38 1
78 39 1
78 40 1
78 41 1
78 42 1
78 43 1
78 44 1
78 45 1
78 46 1
78 47 1
78 48 1
78 49 1
78 50 1
78 51 1
78 52 1
78 53 1
78 54 1
78 55 1
78 56 1
78 57 1
78 58 1
78 59 1
78 60 1
78 61 1
78 62 1
78 63 1
78 64 1
78 65 1
78 66 1
78 67 1
78 68 1
78 69 1
78 70 1
78 71 1
78 72 1
78 73 1
78 74 1
78 75 1
78 76 1
78 77 1
78 78 1
78 79 1
78 80 1
78 81 1
78 82 1
78 83 1
78 84 1
78 85 1
78 86 1
78 87 1
78 88 1
78 89 1
78 90 1
78 91 1
78 92 1
78 93 1
78 94 1
79 31 1
79 32 1
79 33 1
79 34 1
79 35 1
79 36 1
79 37 1
79 38 1
79 39 1
79 40 1
79 41 1
79 42 1
79 43 1
79 44 1
79 45 1
79 46 1
79 47 1
79 48 1
79 49 1
79 50 1
79 51 1
79 52 1
79 53 1
79 54 1
79 55 1
79 56 1
79 57 1
79 58 1
79 59 1
79 60 1
79 61 1
79 62 1
79 63 1
79 64 1
79 65 1
79 66 1
79 67 1
79 68 1
79 69 1
79 70 1
79 71 1
79 72 1
79 73 1
79 74 1
79 75 1
79 76 1
79 77 1
79 78 1
79 79 1
79 80 1
79 81 1
79 82 1
79 83 1
79 84 1
79 85 1
79 86 1
79 87 1
79 88 1
79 89 1
79 90 1
79 91 1
79 92 1
79 93 1
79 94 1
80 31 1
80 32 1
80 33 1
80 34 1
80 35 1
80 36 1
80 37 1
80 38 1
80 39 1
80 40 1
80 41 1
80 42 1
80 43 1
80 44 1
80 45 1
80 46 1
80 47 1
80 48 1
80 49 1
80 50 1
80 51 1
80 52 1
80 53 1
80 54 1
80 55 1
80 56 1
80 57 1
80 58 1
80 59 1
80 60 1
80 61 1
80 62 1
80 63 1
80 64 1
80 65 1
80 66 1
80 67 1
80 68 1
80 69 1
80 70 1
80 71 1
80 72 1
80 73 1
80 74 1
80 75 1
80 76 1
80 77 1
80 78 1
80 79 1
80 80 1
80 81 1
80 82 1
80 83 1
80 84 1
80 85 1
80 86 1
80 87 1
80 88 1
80 89 1
80 90 1
80 91 1
80 92 1
80 93 1
80 94 1
81 31 1
81 32 1
81 33 1
81 34 1
81 35 1
81 36 1
81 37 1
81 38 1
81 39 1
81 40 1
81 41 1
81 42 1
81 43 1
81 44 1
81 45 1
81 46 1
81 47 1
81 48 1
81 49 1
81 50 1
81 51 1
81 52 1
81 53 1
81 54 1
81 55 1
81 56 1
81 57 1
81 58 1
81 59 1
81 60 1
81 61 1
81 62 1
81 63 1
81 64 1
81 65 1
81 66 1
81 67 1
81 68 1
81 69 1
81 70 1
81 71 1
81 72 1
81 73 1
81 74 1
81 75 1
81 76 1
81 77 1
81 78 1
81 79 1
81 80 1
81 81 1
81 82 1
81 83 1
81 84 1
81 85 1
81 86 1
81 87 1
81 88 1
81 89 1
81 90 1
81 91 1
81 92 1
81 93 1
81 94 1
82 31 1
82 32 1
82 33 1
82 34 1
82 35 1
82 36 1
82 37 1
82 38 1
82 39 1
82 40 1
82 41 1
82 42 1
82 43 1
82 44 1
82 45 1
82 46 1
82 47 1
82 48 1
82 49 1
82 50 1
82 51 1
82 52 1
82 53 1
82 54 1
82 55 1
82 56 1
82 57 1
82 58 1
82 59 1
82 60 1
82 61 1
82 62 1
82 63 1
82 64 1
82 65 1
82 66 1
82 67 1
82 68 1
82 69 1
82 70 1
82 71 1
82 72 1
82 73 1
82 74 1
82 75 1
82 76 1
82 77 1
82 78 1
82 79 1
82 80 1
82 81 1
82 82 1
82 83 1
82 84 1
82 85 1
82 86 1
82 87 1
82 88 1
82 89 1
82 90 1
82 91 1
82 92 1
82 93 1
82 94 1
83 31 1
83 32 1
83 33 1
83 34 1
83 35 1
83 36 1
83 37 1
83 38 1
83 39 1
83 40 1
83 41 1
83 42 1
83 43 1
83 44 1
83 45 1
83 46 1
83 47 1
83 48 1
83 49 1
83 50 1
83 51 1
83 52 1
83 53 1
83 54 1
83 55 1
83 56 1
83 57 1
83 58 1
83 59 1
83 60 1
83 61 1
83 62 1
83 63 1
83 64 1
83 65 1
83 66 1
83 67 1
83 68 1
83 69 1
83 70 1
83 71 1
83 72 1
83 73 1
83 74 1
83 75 1
83 76 1
83 77 1
83 78 1
83 79 1
83 80 1
83 81 1
83 82 1
83 83 1
83 84 1
83 85 1
83 86 1
83 87 1
83 88 1
83 89 1
83 90 1
83 91 1
83 92 1
83 93 1
83 94 1
84 31 1
84 32 1
84 33 1
84 34 1
84 35 1
84 36 1
84 37 1
84 38 1
84 39 1
84 40 1
84 41 1
84 42 1
84 43 1
84 44 1
84 45 1
84 46 1
84 47 1
84 48 1
84 49 1
84 50 1
84 51 1
84 52 1
84 53 1
84 54 1
84 55 1
84 56 1
84 57 1
84 58 1
84 59 1
84 60 1
84 61 1
84 62 1
84 63 1
84 64 1
84 65 1
84 66 1
84 67 1
84 68 1
84 69 1
84 70 1
84 71 1
84 72 1
84 73 1
84 74 1
84 75 1
84 76 1
84 77 1
84 78 1
84 79 1
84 80 1
84 81 1
84 82 1
84 83 1
84 84 1
84 85 1
84 86 1
84 87 1
84 88 1
84 89 1
84 90 1
84 91 1
84 92 1
84 93 1
84 94 1
85 31 1
85 32 1
85 33 1
85 34 1
85 35 1
85 36 1
85 37 1
85 38 1
85 39 1
85 40 1
85 41 1
85 42 1
85 43 1
85 44 1
85 45 1
85 46 1
85 47 1
85 48 1
85 49 1
85 50 1
85 51 1
85 52 1
85 53 1
85 54 1
85 55 1
85 56 1
85 57 1
85 58 1
85 59 1
85 60 1
85 61 1
85 62 1
85 63 1
85 64 1
85 65 1
85 66 1
85 67 1
85 68 1
85 69 1
85 70 1
85 71 1
85 72 1
85 73 1
85 74 1
85 75 1
85 76 1
85 77 1
85 78 1
85 79 1
85 80 1
85 81 1
85 82 1
85 83 1
85 84 1
85 85 1
85 86 1
85 87 1
85 88 1
85 89 1
85 90 1
85 91 1
85 92 1
85 93 1
85 94 1
86 31 1
86 32 1
86 33 1
86 34 1
86 35 1
86 36 1
86 37 1
86 38 1
86 39 1
86 40 1
86 41 1
86 42 1
86 43 1
86 44 1
86 45 1
86 46 1
86 47 1
86 48 1
86 49 1
86 50 1
86 51 1
86 52 1
86 53 1
86 54 1
86 55 1
86 56 1
86 57 1
86 58 1
86 59 1
86 60 1
86 61 1
86 62 1
86 63 1
86 64 1
86 65 1
86 66 1
86 67 1
86 68 1
86 69 1
86 70 1
86 71 1
86 72 1
86 73 1
86 74 1
86 75 1
86 76 1
86 77 1
86 78 1
86 79 1
86 80 1
86 81 1
86 82 1
86 83 1
86 84 1
86 85 1
86 86 1
86 87 1
86 88 1
86 89 1
86 90 1
86 91 1
86 92 1
86 93 1
86 94 1
87 31 1
87 32 1
87 33 1
87 34 1
87 35 1
87 36 1
87 37 1
87 38 1
87 39 1
87 40 1
87 41 1
87 42 1
87 43 1
87 44 1
87 45 1
87 46 1
87 47 1
87 48 1
87 49 1
87 50 1
87 51 1
87 52 1
87 53 1
87 54 1
87 55 1
87 56 1
87 57 1
87 58 1
87 59 1
87 60 1
87 61 1
87 62 1
87 63 1
87 64 1
87 65 1
87 66 1
87 67 1
87 68 1
87 69 1
87 70 1
87 71 1
87 72 1
87 73 1
87 74 1
87 75 1
87 76 1
87 77 1
87 78 1
87 79 1
87 80 1
87 81 1
87 82 1
87 83 1
87 84 1
87 85 1
87 86 1
87 87 1
87 88 1
87 89 1
87 90 1
87 91 1
87 92 1
87 93 1
87 94 1
88 31 1
88 32 1
88 33 1
88 34 1
88 35 1
88 36 1
88 37 1
88 38 1
88 39 1
88 40 1
88 41 1
88 42 1
88 43 1
88 44 1
88 45 1
88 46 1
88 47 1
88 48 1
88 49 1
88 50 1
88 51 1
88 52 1
88 53 1
88 54 1
88 55 1
88 56 1
88 57 1
88 58 1
88 59 1
88 60 1
88 61 1
88 62 1
88 63 1
88 64 1
88 65 1
88 66 1
88 67 1
88 68 1
88 69 1
88 70 1
88 71 1
88 72 1
88 73 1
88 74 1
88 75 1
88 76 1
88 77 1
88 78 1
88 79 1
88 80 1
88 81 1
88 82 1
88 83 1
88 84 1
88 85 1
88 86 1
88 87 1
88 88 1
88 89 1
88 90 1
88 91 1
88 92 1
88 93 1
88 94 1
89 31 1
89 32 1
89 33 1
89 34 1
89 35 1
89 36 1
89 37 1
89 38 1
89 39 1
89 40 1
89 41 1
89 42 1
89 43 1
89 44 1
89 45 1
89 46 1
89 47 1
89 48 1
89 49 1
89 50 1
89 51 1
89 52 1
89 53 1
89 54 1
89 55 1
89 56 1
89 57 1
89 58 1
89 59 1
89 60 1
89 61 1
89 62 1
89 63 1
89 64 1
89 65 1
89 66 1
89 67 1
89 68 1
89 69 1
89 70 1
89 71 1
89 72 1
89 73 1
89 74 1
89 75 1
89 76 1
89 77 1
89 78 1
89 79 1
89 80 1
89 81 1
89 82 1
89 83 1
89 84 1
89 85 1
89 86 1
89 87 1
89 88 1
89 89 1
89 90 1
89 91 1
89 92 1
89 93 1
89 94 1
90 31 1
90 32 1
90 33 1
90 34 1
90 35 1
90 36 1
90 37 1
90 38 1
90 39 1
90 40 1
90 41 1
90 42 1
90 43 1
90 44 1
90 45 1
90 46 1
90 47 1
90 48 1
90 49 1
90 50 1
90 51 1
90 52 1
90 53 1
90 54 1
90 55 1
90 56 1
90 57 1
90 58 1
90 59 1
90 60 1
90 61 1
90 62 1
90 63 1
90 64 1
90 65 1
90 66 1
90 67 1
90 68 1
90 69 1
90 70 1
90 71 1
90 72 1
90 73 1
90 74 1
90 75 1
90 76 1
90 77 1
90 78 1
90 79 1
90 80 1
90 81 1
90 82 1
90 83 1
90 84 1
90 85 1
90 86 1
90 87 1
90 88 1
90 89 1
90 90 1
90 91 1
90 92 1
90 93 1
90 94 1
91 31 1
91 32 1
91 33 1
91 34 1
91 35 1
91 36 1
91 37 1
91 38 1
91 39 1
91 40 1
91 41 1
91 42 1
91 43 1
91 44 1
91 45 1
91 46 1
91 47 1
91 48 1
91 49 1
91 50 1
91 51 1
91 52 1
91 53 1
91 54 1
91 55 1
91 56 1
91 57 1
91 58 1
91 59 1
91 60 1
91 61 1
91 62 1
91 63 1
91 64 1
91 65 1
91 66 1
91 67 1
91 68 1
91 69 1
91 70 1
91 71 1
91 72 1
91 73 1
91 74 1
91 75 1
91 76 1
91 77 1
91 78 1
91 79 1
91 80 1
91 81 1
91 82 1
91 83 1
91 84 1
91 85 1
91 86 1
91 87 1
91 88 1
91 89 1
91 90 1
91 91 1
91 92 1
91 93 1
91 94 1
92 31 1
92 32 1
92 33 1
92 34 1
92 35 1
92 36 1
92 37 1
92 38 1
92 39 1
92 40 1
92 41 1
92 42 1
92 43 1
92 44 1
92 45 1
92 46 1
92 47 1
92 48 1
92 49 1
92 50 1
92 51 1
92 52 1
92 53 1
92 54 1
92 55 1
92 56 1
92 57 1
92 58 1
92 59 1
92 60 1
92 61 1
92 62 1
92 63 1
92 64 1
92 65 1
92 66 1
92 67 1
92 68 1
92 69 1
92 70 1
92 71 1
92 72 1
92 73 1
92 74 1
92 75 1
92 76 1
92 77 1
92 78 1
92 79 1
92 80 1
92 81 1
92 82 1
92 83 1
92 84 1
92 85 1
92 86 1
92 87 1
92 88 1
92 89 1
92 90 1
92 91 1
92 92 1
92 93 1
92 94 1
93 31 1
93 32 1
93 33 1
93 34 1
93 35 1
93 36 1
93 37 1
93 38 1
93 39 1
93 40 1
93 41 1
93 42 1
93 43 1
93 44 1
93 45 1
93 46 1
93 47 1
93 48 1
93 49 1
93 50 1
93 51 1
93 52 1
93 53 1
93 54 1
93 55 1
93 56 1
93 57 1
93 58 1
93 59 1
93 60 1
93 61 1
93 62 1
93 63 1
93 64 1
93 65 1
93 66 1
93 67 1
93 68 1
93 69 1
93 70 1
93 71 1
93 72 1
93 73 1
93 74 1
93 75 1
93 76 1
93 77 1
93 78 1
93 79 1
93 80 1
93 81 1
93 82 1
93 83 1
93 84 1
93 85 1
93 86 1
93 87 1
93 88 1
93 89 1
93 90 1
93 91 1
93 92 1
93 93 1
93 94 1
94 31 1
94 32 1
94 33 1
94 34 1
94 35 1
94 36 1
94 37 1
94 38 1
94 39 1
94 40 1
94 41 1
94 42 1
94 43 1
94 44 1
94 45 1
94 46 1
94 47 1
94 48 1
94 49 1
94 50 1
94 51 1
94 52 1
94 53 1
94 54 1
94 55 1
94 56 1
94 57 1
94 58 1
94 59 1
94 60 1
94 61 1
94 62 1
94 63 1
94 64 1
94 65 1
94 66 1
94 67 1
94 68 1
94 69 1
94 70 1
94 71 1
94 72 1
94 73 1
94 74 1
94 75 1
94 76 1
94 77 1
94 78 1
94 79 1
94 80 1
94 81 1
94 82 1
94 83 1
94 84 1
94 85 1
94 86 1
94 87 1
94 88 1
94 89 1
94 90 1
94 91 1
94 92 1
94 93 1
94 94 1
